10001100000000010000000000000000
10001100000000100000000000000100
00000000001000100001100000100000
10101100000000110000000000001000
10001100000000010000000000000100
10001100000000100000000000001000
00000000001000100001100000100000
10101100000000110000000000001100
10001100000000010000000000001000
10001100000000100000000000001100
00000000001000100001100000100000
10101100000000110000000000010000
10001100000000010000000000001100
10001100000000100000000000010000
00000000001000100001100000100000
10101100000000110000000000010100
10001100000000010000000000010000
10001100000000100000000000010100
00000000001000100001100000100000
10101100000000110000000000011000
10001100000000010000000000010100
10001100000000100000000000011000
00000000001000100001100000100000
10101100000000110000000000011100
10001100000000010000000000011000
10001100000000100000000000011100
00000000001000100001100000100000
10101100000000110000000000100000
